{
 "cells": [
  {
   "cell_type": "markdown",
   "metadata": {},
   "source": [
    "## Imports"
   ]
  },
  {
   "cell_type": "code",
   "execution_count": 358,
   "metadata": {},
   "outputs": [],
   "source": [
    "import numpy as np\n",
    "import pandas as pd\n",
    "import scipy as sp\n",
    "from PIL import Image, ImageDraw\n",
    "import matplotlib.pyplot as plt"
   ]
  },
  {
   "cell_type": "markdown",
   "metadata": {},
   "source": [
    "## Singular Value Decomposition (SVD)"
   ]
  },
  {
   "cell_type": "code",
   "execution_count": 359,
   "metadata": {},
   "outputs": [],
   "source": [
    "# Singular Value Decomposition (SVD) Module\n",
    "class SVD:\n",
    "    def __init__(self, A):\n",
    "        self.A = A\n",
    "    \n",
    "    # Returns U, S and VT of SVD in Decreasing Order of Singular values (S).\n",
    "    def apply_svd(self):\n",
    "        \"\"\"\n",
    "            U: Left singular vectors\n",
    "            S: Singular values (as a 1D array)\n",
    "            VT: Right singular vectors (transposed)\n",
    "        \"\"\"\n",
    "        U, S, VT = np.linalg.svd(self.A)\n",
    "        return U, S, VT\n",
    "    \n",
    "    # Prints SVD Decomposition matrices U, S and VT.\n",
    "    def print_svd(self):\n",
    "        U, S, VT = self.apply_svd()\n",
    "        print(f\"U (Dimensions: {U.shape}):\\n\", U)\n",
    "        print(f\"S (Dimensions: {S.shape}):\\n\", S)\n",
    "        print(f\"VT (Dimensions: {VT.shape}):\\n\", VT)\n",
    "    \n",
    "    # Returns the ith left singular vector from the U matrix (1-based indexing).\n",
    "    def get_left_singular_vector(self, ind=1):\n",
    "        U, _, _ = self.apply_svd()\n",
    "        if ind < 1 or ind > U.shape[1]:\n",
    "            raise IndexError(f\"Index {ind} is out of bounds for the left singular vectors. Valid range: 1 to {U.shape[1]}.\")\n",
    "        return U[:, ind - 1]\n",
    "    \n",
    "    # Returns the ith right singular vector from the VT matrix (1-based indexing).\n",
    "    def get_right_singular_vector(self, ind=1):\n",
    "        _, _, VT = self.apply_svd()\n",
    "        if ind < 1 or ind > VT.shape[0]:\n",
    "            raise IndexError(f\"Index {ind} is out of bounds for the right singular vectors. Valid range: 1 to {VT.shape[0]}.\")\n",
    "        return VT[ind - 1, :]"
   ]
  },
  {
   "cell_type": "markdown",
   "metadata": {},
   "source": [
    "### Testing SVD module"
   ]
  },
  {
   "cell_type": "code",
   "execution_count": 360,
   "metadata": {},
   "outputs": [
    {
     "name": "stdout",
     "output_type": "stream",
     "text": [
      "[[ 69  58  99  30  73  78  46  19  17  30  55  41]\n",
      " [ 56  47  48 100  62  21  97  27  31  91  51  47]\n",
      " [ 25  97  38  36  27   6  41  90  85  24   7  85]\n",
      " [ 63  99  55  83  16  10  52  29   9  98  74  25]\n",
      " [ 16  25  25  97  46  63  23  80  32  92   3  44]\n",
      " [ 10   5 100  60  18  25  62  34  42  99  87  21]\n",
      " [  2  68  92  93  81   2  53  17  40  98  64  50]\n",
      " [ 21  44  63  15  41  94  70  65  24   6  91  11]\n",
      " [ 59  76  97  25  92  32  98  45  70  46  42  50]\n",
      " [ 91  13  50  90  67  41  86  15  93  31  27  94]\n",
      " [ 50  51  28   9  63  22  37  12  23  58  13  76]\n",
      " [ 61  15  79  28  87  68  82  32  98  59  43  57]]\n",
      "U (Dimensions: (12, 12)):\n",
      " [[-2.82385783e-01  1.88389627e-01 -3.50308783e-01  6.18341498e-02\n",
      "   1.77476210e-01  3.80848306e-01  2.88924458e-01 -6.08394893e-02\n",
      "   5.20933746e-01 -2.25872222e-01 -2.49840402e-01 -3.31203011e-01]\n",
      " [-3.24609945e-01 -2.40878346e-01  1.18833053e-01 -2.20919483e-01\n",
      "   8.13202426e-02  2.03283101e-01 -2.21831334e-01 -1.99881950e-01\n",
      "  -5.15377064e-01  4.93020677e-02 -2.84472502e-01 -5.36294268e-01]\n",
      " [-2.48227166e-01  2.04881986e-01  4.61283837e-01  6.37803771e-01\n",
      "  -1.11238825e-01 -3.02387287e-01 -1.91398976e-01  3.57323725e-02\n",
      "   1.88443814e-01  5.55449002e-02 -8.51070150e-02 -2.98777825e-01]\n",
      " [-2.88100027e-01 -4.59851424e-01 -5.51209852e-04  2.54872233e-01\n",
      "   3.00952322e-01  3.32996139e-01 -3.41085964e-01  3.04096229e-01\n",
      "   7.68925992e-02 -1.89596302e-01  3.98192086e-01  1.72875203e-01]\n",
      " [-2.45959479e-01 -2.23301639e-01  2.81625913e-01  1.90624948e-02\n",
      "  -7.02452069e-01  2.98108445e-01  3.64710017e-01  2.57741312e-03\n",
      "  -3.95340143e-02 -2.28178974e-01 -4.25630697e-02  1.97979765e-01]\n",
      " [-2.72802548e-01 -3.50496103e-01 -3.10342996e-01 -1.93059948e-01\n",
      "  -1.94305156e-01 -4.76902353e-01 -1.38491395e-01  4.21526136e-01\n",
      "   2.04013772e-01  7.41114748e-02 -3.97451050e-01  4.48371345e-02]\n",
      " [-3.24069245e-01 -3.72532080e-01  3.59992509e-02 -3.03102964e-02\n",
      "   2.00942510e-01 -3.46464973e-01  3.71931265e-01 -5.41656859e-01\n",
      "   1.64954469e-01  2.29129937e-01  2.83283782e-01  4.33960824e-02]\n",
      " [-2.38607079e-01  1.83065283e-01 -5.68791426e-01  3.18484924e-01\n",
      "  -3.39591537e-01  1.53019761e-01 -2.25705681e-01 -2.24726294e-01\n",
      "  -1.84541791e-01  4.20204560e-01  1.14347732e-01  1.43916854e-01]\n",
      " [-3.44431126e-01  2.63987288e-01 -8.06967644e-02  1.40560056e-01\n",
      "   2.73570593e-01 -2.26427210e-01  8.44193461e-02 -1.03630318e-01\n",
      "  -3.91910071e-01 -4.87327060e-01 -2.45912503e-01  4.35750695e-01]\n",
      " [-3.23611488e-01  3.13182130e-01  3.11532407e-01 -4.79386965e-01\n",
      "  -1.24365697e-02  1.30334861e-01 -4.28575274e-01 -1.88631964e-01\n",
      "   3.43201003e-01  1.27377737e-01 -3.00716773e-02  3.14660620e-01]\n",
      " [-2.05315312e-01  1.28459094e-01  1.97565040e-01  3.30151609e-02\n",
      "   2.83607186e-01  2.02334177e-01  4.05074975e-01  4.35553225e-01\n",
      "  -1.55549859e-01  5.90530674e-01 -1.53648151e-01  1.71835518e-01]\n",
      " [-3.28458855e-01  3.51807828e-01 -8.56589952e-02 -2.91499124e-01\n",
      "  -1.28920732e-01 -2.05798322e-01  1.34096992e-01  3.24008619e-01\n",
      "  -1.46848815e-01 -1.35828084e-01  5.93941033e-01 -3.18307939e-01]]\n",
      "S (Dimensions: (12,)):\n",
      " [628.48772462 170.38396384 152.9389549  126.62688756 113.75819074\n",
      "  94.72982693  81.79744941  55.87975902  52.73872335  38.94314888\n",
      "  25.0707058    2.29650666]\n",
      "VT (Dimensions: (12, 12)):\n",
      " [[-0.24568954 -0.27059411 -0.36337851 -0.31266373 -0.31693413 -0.20644474\n",
      "  -0.35354636 -0.20386057 -0.26681618 -0.33762256 -0.25786524 -0.27444078]\n",
      " [ 0.2561314  -0.08625119 -0.00665757 -0.45793492  0.24481286  0.28134386\n",
      "   0.13145562  0.04308559  0.36197227 -0.5693598  -0.21435871  0.24049928]\n",
      " [ 0.07684158  0.12799332 -0.4019898   0.30631721 -0.00230226 -0.37115976\n",
      "  -0.11249822  0.09377902  0.26267013  0.12405269 -0.5343453   0.4395023 ]\n",
      " [-0.17818321  0.73860933 -0.00174131 -0.2479203  -0.1764853  -0.01138661\n",
      "  -0.15920039  0.51611054 -0.10194355 -0.15842896  0.05225751 -0.00498511]\n",
      " [ 0.30232661  0.40848809  0.15445242 -0.23830342  0.1524163  -0.50125411\n",
      "   0.10090056 -0.57819309 -0.1765008  -0.04937976  0.06718979  0.06334102]\n",
      " [ 0.52430093  0.16085707 -0.36129932  0.22179963  0.03854736  0.47076066\n",
      "  -0.09054672 -0.05842477 -0.52622942 -0.04543718 -0.07617375 -0.00179594]\n",
      " [-0.29208259  0.01587549  0.19420205 -0.23845961  0.58812724  0.18974245\n",
      "  -0.39972847 -0.06082074 -0.21368958  0.33500205 -0.32625368  0.10074408]\n",
      " [ 0.38254427 -0.12804115 -0.01787815 -0.53804539 -0.41033337  0.06030765\n",
      "  -0.12254583  0.07707116  0.11174081  0.57169278  0.01658018  0.12203033]\n",
      " [ 0.11138103 -0.00848885  0.46219029  0.26192628 -0.29570142  0.10285587\n",
      "  -0.63385354 -0.17631357  0.10574328 -0.24022684  0.09936192  0.30928652]\n",
      " [-0.33195331 -0.07012668 -0.36334566 -0.12492432  0.01916951  0.06863859\n",
      "   0.04169355 -0.13519381 -0.16000667 -0.01150189  0.51161674  0.6516767 ]\n",
      " [-0.02377421  0.26089127 -0.39900957  0.02081343  0.16250226  0.18399568\n",
      "  -0.32467497 -0.30172836  0.55707268  0.10646761  0.27333888 -0.34443285]\n",
      " [ 0.33951485 -0.2738163  -0.09506588 -0.01606903  0.39404252 -0.42270732\n",
      "  -0.34295963  0.44006389 -0.07116315 -0.09280697  0.36868443 -0.07499662]]\n",
      "left vector: [-0.28238578 -0.32460994 -0.24822717 -0.28810003 -0.24595948 -0.27280255\n",
      " -0.32406924 -0.23860708 -0.34443113 -0.32361149 -0.20531531 -0.32845885]\n",
      "right vector: [-0.24568954 -0.27059411 -0.36337851 -0.31266373 -0.31693413 -0.20644474\n",
      " -0.35354636 -0.20386057 -0.26681618 -0.33762256 -0.25786524 -0.27444078]\n"
     ]
    }
   ],
   "source": [
    "A = np.random.randint(1, 101, size=(12, 12))\n",
    "print(A)\n",
    "\n",
    "svd = SVD(A)\n",
    "svd.print_svd()\n",
    "\n",
    "left_vector = svd.get_left_singular_vector(1)\n",
    "print(f\"left vector: {left_vector}\")\n",
    "\n",
    "right_vector = svd.get_right_singular_vector(1)\n",
    "print(f\"right vector: {right_vector}\")"
   ]
  },
  {
   "cell_type": "markdown",
   "metadata": {},
   "source": [
    "## Calculating Projection Matrix (P)"
   ]
  },
  {
   "cell_type": "code",
   "execution_count": 361,
   "metadata": {},
   "outputs": [],
   "source": [
    "# Calculates Projection Matrix by using Least Sqaures Solution and SVD\n",
    "class ProjectionMatrix:\n",
    "    def __init__(self, A):\n",
    "        _, cols = A.shape\n",
    "        if cols != 12:\n",
    "            raise ValueError(\"Expected number of columns is 12, but got {cols}\")\n",
    "        self.A = A\n",
    "    \n",
    "    # Returns Projection Vector, which is right singular vector of A corresponding to smallest Eigen value.\n",
    "    def get_projection_vector(self):\n",
    "        svd = SVD(self.A)\n",
    "        _, cols = self.A.shape\n",
    "        projection_vector = svd.get_right_singular_vector(cols)\n",
    "        if len(projection_vector) != 12:\n",
    "            raise ValueError(f\"Expected length of 12, but got {len(projection_vector)}\")\n",
    "        return projection_vector\n",
    "    \n",
    "    # Returns Projection Matrix of size (3, 4) using Projection vector \n",
    "    def get_projection_matrix(self):\n",
    "        projection_vector = self.get_projection_vector()\n",
    "        projection_matrix = projection_vector.reshape(3, 4)\n",
    "        return projection_matrix\n",
    "    \n",
    "    # Prints Projection vector\n",
    "    def print_projection_vector(self):\n",
    "        projection_vector = self.get_projection_vector()\n",
    "        print(f\"Projection vector (Dimensions: {projection_vector.shape}):\\n\", projection_vector)\n",
    "\n",
    "    # Prints Projection matrix\n",
    "    def print_projection_matrix(self):\n",
    "        projection_matrix = self.get_projection_matrix()\n",
    "        print(f\"Projection matrix (Dimensions: {projection_matrix.shape}):\\n\", projection_matrix)"
   ]
  },
  {
   "cell_type": "markdown",
   "metadata": {},
   "source": [
    "### Testing Projection matrix module"
   ]
  },
  {
   "cell_type": "code",
   "execution_count": 362,
   "metadata": {},
   "outputs": [
    {
     "name": "stdout",
     "output_type": "stream",
     "text": [
      "Data matrix:\n",
      "[[ 84  98  82  16  24  38  94   8  55  98  51  65]\n",
      " [ 69  79  31  27  88  16  48  17  72  98  23  95]\n",
      " [ 92  23  13  35  86  59  88  54  64  88  82   5]\n",
      " [  5  62  23  23  56  16  54  62  95  30  76  83]\n",
      " [ 21  17  25  49  26  34  92  25  49  70  50   6]\n",
      " [ 45  12  42   5   9  83  52  95   4  99  25  98]\n",
      " [ 95   7  22   3  50  72  28  37  81  32  63   9]\n",
      " [ 17  83   5  96  88  31  69  97  41  71  98  83]\n",
      " [ 75  85  13  48  64  97  99  24  68  51  21 100]\n",
      " [  1  58  34  30  78  83  28  65   5  16  54  75]\n",
      " [ 48  12  13  32  67  65  14  85  67  51  91  28]\n",
      " [ 67  32   1   5  54   9  61  56  25  86  31  75]]\n",
      "Projection vector (Dimensions: (12,)):\n",
      " [-0.06059745 -0.25385145 -0.23747157 -0.04348494 -0.08383983  0.11916395\n",
      " -0.06436655 -0.57571169 -0.15848051  0.13960446  0.57884394  0.37029955]\n",
      "Projection matrix (Dimensions: (3, 4)):\n",
      " [[-0.06059745 -0.25385145 -0.23747157 -0.04348494]\n",
      " [-0.08383983  0.11916395 -0.06436655 -0.57571169]\n",
      " [-0.15848051  0.13960446  0.57884394  0.37029955]]\n"
     ]
    }
   ],
   "source": [
    "A = np.random.randint(1, 101, size=(12, 12))\n",
    "print(\"Data matrix:\")\n",
    "print(A)\n",
    "\n",
    "proj_matrix = ProjectionMatrix(A)\n",
    "projection_matrix = proj_matrix.get_projection_matrix()\n",
    "\n",
    "proj_matrix.print_projection_vector()\n",
    "proj_matrix.print_projection_matrix()"
   ]
  },
  {
   "cell_type": "markdown",
   "metadata": {},
   "source": [
    "## Decomposition of Projection Matrix into Intrinsic (I) and Extrinsic Matrices (E)"
   ]
  },
  {
   "cell_type": "code",
   "execution_count": 363,
   "metadata": {},
   "outputs": [],
   "source": [
    "# This module Decomposes Projection Matrix into Intrinsic (I) and Extrinsic Matrices (E).\n",
    "# Extrinsic Matrix is further decomposed into Rotation Matrix and Translation Vector.\n",
    "class IEMatrices:\n",
    "    def __init__(self, P):\n",
    "        if P.shape != (3, 4):\n",
    "            raise ValueError(f\"Expected shape of P is (3, 4), but got {P.shape}\")\n",
    "        self.P = P\n",
    "\n",
    "    # Decompose M ((3, 3): first 3 columns of P) into K (I: Intrinsic Matrix) and R (Rotation matrix: part of E (Extrinsic Matrix)).\n",
    "    def get_KR(self):\n",
    "        M = self.P[:, :3]\n",
    "        K, R = sp.linalg.rq(M)\n",
    "        return K, R\n",
    "    \n",
    "    # Returns t (translation vector) using K and last column of P\n",
    "    def get_t(self):\n",
    "        K, _ = self.get_KR()\n",
    "        if np.linalg.det(K) == 0:\n",
    "            raise ValueError(f\"K is singular Matrix, Inverse does not exist.\")\n",
    "        \n",
    "        K_inv = np.linalg.inv(K)\n",
    "        p4 = self.P[:, 3]\n",
    "        t = K_inv @ p4\n",
    "        return t\n",
    "    \n",
    "    # Return K (Intrinsic matrix), R (Rotation matrix) and t (Translation vector)\n",
    "    def get_KRt(self):\n",
    "        K, R = self.get_KR()\n",
    "        t = self.get_t()\n",
    "        return K, R, t\n",
    "    \n",
    "    def print_KRt(self):\n",
    "        K, R = self.get_KR()\n",
    "        t = self.get_t()\n",
    "        print(f\"Intrinsic matrix - K (Dimensions: {K.shape}):\\n\", K)\n",
    "        print(f\"Rotation matrix - R (Dimensions: {R.shape}):\\n\", R)\n",
    "        print(f\"Translation vector - t (Dimensions: {t.shape}):\\n\", t)\n"
   ]
  },
  {
   "cell_type": "markdown",
   "metadata": {},
   "source": [
    "### Testing IEMatrices module"
   ]
  },
  {
   "cell_type": "code",
   "execution_count": 364,
   "metadata": {},
   "outputs": [
    {
     "name": "stdout",
     "output_type": "stream",
     "text": [
      "Intrinsic matrix - K (Dimensions: (3, 3)):\n",
      " [[-0.21802248  0.0820895   0.26501484]\n",
      " [ 0.         -0.15884109  0.01190481]\n",
      " [ 0.          0.         -0.61617026]]\n",
      "Rotation matrix - R (Dimensions: (3, 3)):\n",
      " [[ 0.79657376  0.60007283  0.0733679 ]\n",
      " [ 0.54709884 -0.76718937  0.33481833]\n",
      " [ 0.25720246 -0.226568   -0.93942207]]\n",
      "Translation vector - t (Dimensions: (3,)):\n",
      " [ 0.81666355  3.57940913 -0.60096953]\n"
     ]
    }
   ],
   "source": [
    "ieMats = IEMatrices(projection_matrix)\n",
    "K, R, t = ieMats.get_KRt()\n",
    "ieMats.print_KRt()"
   ]
  },
  {
   "cell_type": "markdown",
   "metadata": {},
   "source": [
    "## Camera Calibration"
   ]
  },
  {
   "cell_type": "code",
   "execution_count": 365,
   "metadata": {},
   "outputs": [],
   "source": [
    "class CameraCalibration:\n",
    "    def __init__(self, data):\n",
    "        \"\"\"data contains pairs of matching points: \n",
    "        1. (x, y, z): 3D point in world co-ordinate frame with origin at one of the corners of Rubics cube/Chessboard \n",
    "        2. (u, v): 2D point in captured image with origin at left top corner\n",
    "        Note: data should have atleast 6 pairs of matching points to calculate Projection matrix.\n",
    "        \"\"\"\n",
    "        total_pairs = len(data)\n",
    "        if total_pairs < 6:\n",
    "            raise ValueError(f\"Expected at least 6 pairs of matching points, but got {total_pairs}\")\n",
    "        self.data = data\n",
    "\n",
    "    def get_data_matrix(self):\n",
    "        data_matrix = []\n",
    "        for (x_w, y_w, z_w), (u, v) in self.data:\n",
    "            # First row for each pair\n",
    "            row1 = [\n",
    "                x_w, y_w, z_w, 1, \n",
    "                0, 0, 0, 0, \n",
    "                -u * x_w, -u * y_w, -u * z_w, -u\n",
    "            ]\n",
    "            # Second row for each pair\n",
    "            row2 = [\n",
    "                0, 0, 0, 0,\n",
    "                x_w, y_w, z_w, 1, \n",
    "                -v * x_w, -v * y_w, -v * z_w, -v\n",
    "            ]\n",
    "            data_matrix.append(row1)\n",
    "            data_matrix.append(row2)\n",
    "        return np.array(data_matrix)\n",
    "    \n",
    "    def print_data_matrix(self):\n",
    "        data_matrix = self.get_data_matrix()\n",
    "        print(f\"Data matrix - A (Dimensions: {data_matrix.shape}):\\n\", data_matrix)\n",
    "    \n",
    "    def get_camera_projection_matrix(self):\n",
    "        data_matrix = self.get_data_matrix()\n",
    "        proj_mat_obj = ProjectionMatrix(data_matrix)\n",
    "        projection_matrix = proj_mat_obj.get_projection_matrix()\n",
    "        return projection_matrix\n",
    "    \n",
    "    def print_camera_projection_matrix(self):\n",
    "        data_matrix = self.get_data_matrix()\n",
    "        proj_mat_obj = ProjectionMatrix(data_matrix)\n",
    "        proj_mat_obj.print_projection_matrix()\n",
    "    \n",
    "    def get_camera_KRt(self):\n",
    "        projection_matrix = self.get_camera_projection_matrix()\n",
    "        ieMats_obj = IEMatrices(projection_matrix)\n",
    "        K, R, t = ieMats_obj.get_KRt()\n",
    "        return K, R, t\n",
    "    \n",
    "    def print_camera_KRt(self):\n",
    "        projection_matrix = self.get_camera_projection_matrix()\n",
    "        ieMats_obj = IEMatrices(projection_matrix)\n",
    "        ieMats_obj.print_KRt()"
   ]
  },
  {
   "cell_type": "markdown",
   "metadata": {},
   "source": [
    "### Testing Camera calibration module"
   ]
  },
  {
   "cell_type": "code",
   "execution_count": 366,
   "metadata": {},
   "outputs": [
    {
     "name": "stdout",
     "output_type": "stream",
     "text": [
      "Data matrix - A (Dimensions: (12, 12)):\n",
      " [[ 3.   1.   2.   1.   0.   0.   0.   0.  -1.5 -0.5 -1.  -0.5]\n",
      " [ 0.   0.   0.   0.   3.   1.   2.   1.  -0.9 -0.3 -0.6 -0.3]\n",
      " [ 4.   5.   6.   1.   0.   0.   0.   0.  -2.8 -3.5 -4.2 -0.7]\n",
      " [ 0.   0.   0.   0.   4.   5.   6.   1.  -3.6 -4.5 -5.4 -0.9]\n",
      " [ 7.   2.   9.   1.   0.   0.   0.   0.  -1.4 -0.4 -1.8 -0.2]\n",
      " [ 0.   0.   0.   0.   7.   2.   9.   1.  -2.8 -0.8 -3.6 -0.4]\n",
      " [ 2.   3.   7.   1.   0.   0.   0.   0.  -0.2 -0.3 -0.7 -0.1]\n",
      " [ 0.   0.   0.   0.   2.   3.   7.   1.  -0.6 -0.9 -2.1 -0.3]\n",
      " [ 6.   7.   4.   1.   0.   0.   0.   0.  -2.4 -2.8 -1.6 -0.4]\n",
      " [ 0.   0.   0.   0.   6.   7.   4.   1.  -3.  -3.5 -2.  -0.5]\n",
      " [ 3.   4.   1.   1.   0.   0.   0.   0.  -0.9 -1.2 -0.3 -0.3]\n",
      " [ 0.   0.   0.   0.   3.   4.   1.   1.  -0.3 -0.4 -0.1 -0.1]]\n",
      "Projection matrix (Dimensions: (3, 4)):\n",
      " [[ 0.02841523  0.03866464  0.01493403 -0.3122534 ]\n",
      " [ 0.05925896  0.02608833  0.00413444 -0.30711713]\n",
      " [ 0.15911663  0.04804651  0.01808915 -0.87948188]]\n",
      "Intrinsic matrix - K (Dimensions: (3, 3)):\n",
      " [[-0.01986809 -0.02343219 -0.03976929]\n",
      " [ 0.         -0.0083442  -0.06434045]\n",
      " [ 0.          0.         -0.16719386]]\n",
      "Rotation matrix - R (Dimensions: (3, 3)):\n",
      " [[ 0.19587885 -0.29681501 -0.93462951]\n",
      " [ 0.23647136 -0.91066969  0.33876543]\n",
      " [-0.95168943 -0.28737009 -0.10819268]]\n",
      "Translation vector - t (Dimensions: (3,)):\n",
      " [ 9.61528893 -3.75468588  5.26025238]\n"
     ]
    }
   ],
   "source": [
    "data = [\n",
    "    ((3, 1, 2), (0.5, 0.3)),\n",
    "    ((4, 5, 6), (0.7, 0.9)),\n",
    "    ((7, 2, 9), (0.2, 0.4)),\n",
    "    ((2, 3, 7), (0.1, 0.3)),\n",
    "    ((6, 7, 4), (0.4, 0.5)),\n",
    "    ((3, 4, 1), (0.3, 0.1)),\n",
    "]\n",
    "\n",
    "camera_cal = CameraCalibration(data)\n",
    "camera_cal.print_data_matrix()\n",
    "camera_cal.print_camera_projection_matrix()\n",
    "camera_cal.print_camera_KRt()"
   ]
  },
  {
   "cell_type": "markdown",
   "metadata": {},
   "source": [
    "## Data Generation using Rubics Cube"
   ]
  },
  {
   "cell_type": "markdown",
   "metadata": {},
   "source": [
    "Camera : Vivo V40 Pro"
   ]
  },
  {
   "cell_type": "code",
   "execution_count": 367,
   "metadata": {},
   "outputs": [],
   "source": [
    "def open_and_display_image(img_path):\n",
    "    img = Image.open(img_path)\n",
    "    width, height = img.size\n",
    "    print(\"width:\",width, \",height:\", height)\n",
    "    plt.imshow(img)\n",
    "\n",
    "def plot_points_on_image(image_path, points):\n",
    "    img = Image.open(image_path)\n",
    "    plt.imshow(img)\n",
    "    for index, (u, v) in enumerate(points, start=1):\n",
    "        plt.scatter(u, v, color='red', s=5)\n",
    "        plt.text(u, v, str(index), color='white', fontsize=12, ha='right', va='bottom')\n",
    "    plt.show()\n",
    "\n",
    "def get_data(world_frame_points, image_points):\n",
    "    if len(world_frame_points) != len(image_points):\n",
    "        raise ValueError(\"Lists are of different sizes.\")\n",
    "    \n",
    "    data = list(zip(world_frame_points, image_points))\n",
    "    return data\n",
    "\n",
    "def project_point(world_frame_point, projection_matrix):\n",
    "    homogeneous_point = np.array([*world_frame_point, 1])\n",
    "    projection_matrix = np.array(projection_matrix)\n",
    "    projected_point = projection_matrix @ homogeneous_point\n",
    "    u = projected_point[0] / projected_point[2]\n",
    "    v = projected_point[1] / projected_point[2]\n",
    "    return (u, v)"
   ]
  },
  {
   "cell_type": "code",
   "execution_count": 368,
   "metadata": {},
   "outputs": [
    {
     "name": "stdout",
     "output_type": "stream",
     "text": [
      "width: 582 ,height: 1280\n"
     ]
    },
    {
     "data": {
